000000F	NR_102443.1	100.000	1474	0	0	1620407	1621880	1	1474	0.0	2723
000000F	NR_102443.1	99.595	1480	0	3	263446	264925	1474	1	0.0	2695
000000F	NR_102443.1	97.842	1483	0	19	2991853	2993333	1453	1	0.0	2532
000000F	AM258981.1	91.072	1725	126	21	1620472	1622182	1	1711	0.0	2307
000000F	AM258981.1	90.820	1732	125	24	263143	264860	1712	1	0.0	2287
000000F	AM258981.1	88.103	1782	128	57	2991501	2993268	1712	1	0.0	2039
000000F	AB058249.1	99.281	1252	9	0	1620511	1621762	1	1252	0.0	2263
000000F	AB058249.1	98.808	1258	9	3	263564	264821	1252	1	0.0	2235
000000F	AB058249.1	98.185	1267	8	12	2991962	2993228	1252	1	0.0	2198
000000F	AB039001.1	94.671	1445	60	16	1620427	1621864	1	1435	0.0	2226
000000F	AB039001.1	94.349	1451	59	19	263462	264905	1435	1	0.0	2204
000000F	AB039001.1	92.847	1468	60	32	2991853	2993313	1430	1	0.0	2087
000000F	AF448077.1	92.999	1414	93	5	1620454	1621863	1	1412	0.0	2058
000000F	AF448077.1	92.676	1420	92	8	263463	264878	1412	1	0.0	2036
000000F	AF448077.1	91.313	1439	89	26	2991853	2993286	1408	1	0.0	1932
000000F	AF132782.1	92.711	1413	91	11	1620430	1621834	1	1409	0.0	2034
000000F	AF132782.1	92.319	1419	91	14	263492	264902	1409	1	0.0	2006
000000F	AF132782.1	91.301	1437	89	24	2991882	2993310	1409	1	0.0	1934
000000F	AJ000716.1	90.287	1462	118	22	1620423	1621870	1	1452	0.0	1892
000000F	AJ000716.1	89.918	1468	118	26	263456	264909	1452	1	0.0	1864
000000F	AJ000716.1	88.573	1479	117	37	2991853	2993317	1441	1	0.0	1748
000000F	AF448075.1	90.711	1421	111	18	1620427	1621835	1	1412	0.0	1873
000000F	AF448075.1	90.329	1427	111	22	263491	264905	1412	1	0.0	1845
000000F	AF448075.1	90.292	1370	103	25	2991952	2993313	1348	1	0.0	1766
000000F	AB041937.1	89.924	1449	117	27	1620431	1621862	1	1437	0.0	1840
000000F	AB041937.1	89.553	1455	117	31	263464	264901	1437	1	0.0	1812
000000F	AB041937.1	88.119	1473	120	42	2991853	2993309	1434	1	0.0	1700
000000F	X78680.1	89.230	1467	143	12	1620427	1621885	1	1460	0.0	1820
000000F	X78680.1	88.866	1473	143	15	263441	264905	1460	1	0.0	1792
000000F	X78680.1	87.347	1470	141	30	2991853	2993313	1434	1	0.0	1642
000000F	AB015059.1	90.021	1423	119	21	1620427	1621836	1	1413	0.0	1820
000000F	AB015059.1	89.643	1429	119	25	263490	264905	1413	1	0.0	1792
000000F	AB015059.1	89.723	1372	107	29	2991952	2993313	1348	1	0.0	1722
000000F	AF448076.1	89.972	1406	116	22	1620439	1621830	1	1395	0.0	1792
000000F	AF448076.1	89.589	1412	116	26	263496	264893	1395	1	0.0	1764
000000F	AF448076.1	89.632	1360	106	29	2991952	2993301	1335	1	0.0	1698
000000F	AF132932.1	89.022	1421	135	17	1620427	1621834	1	1413	0.0	1740
000000F	AF132932.1	88.648	1427	135	20	263492	264905	1413	1	0.0	1712
000000F	AF132932.1	88.638	1373	121	28	2991952	2993313	1349	1	0.0	1639
000000F	AF296872.1	87.860	1458	144	30	1620427	1621867	1	1442	0.0	1681
000000F	AF296872.1	87.568	1464	143	34	263459	264905	1442	1	0.0	1659
000000F	AF296872.1	86.121	1477	146	46	2991853	2993313	1434	1	0.0	1537
000000F	AY172837.1	86.607	1456	163	30	1620425	1621864	1	1440	0.0	1580
000000F	AY172837.1	86.252	1462	163	33	263462	264907	1440	1	0.0	1552
000000F	AY172837.1	85.057	1479	161	47	2991853	2993315	1435	1	0.0	1452
000000F	AF001477.1	86.635	1459	154	38	1620409	1621847	1	1438	0.0	1576
000000F	AF001477.1	86.280	1465	154	41	263479	264923	1438	1	0.0	1548
000000F	AF001477.1	85.396	1479	149	52	2991874	2993331	1433	1	0.0	1472
000000F	AY224195.1	89.504	1229	105	22	1620450	1621664	20	1238	0.0	1533
000000F	AY224195.1	89.069	1235	105	26	263662	264882	1238	20	0.0	1506
000000F	AY224195.1	88.496	1243	107	31	2992060	2993290	1238	20	0.0	1471
000000F	AF448080.1	86.055	1427	181	13	1620427	1621845	1	1417	0.0	1517
000000F	AF448080.1	85.694	1433	181	16	263481	264905	1417	1	0.0	1489
000000F	AF448080.1	84.727	1447	181	26	2991874	2993313	1414	1	0.0	1411
000000F	AF132790.1	85.472	1418	185	17	1620427	1621834	1	1407	0.0	1459
000000F	AF132790.1	85.183	1424	184	21	263492	264905	1407	1	0.0	1437
000000F	AF132790.1	84.258	1442	182	29	2991882	2993313	1407	1	0.0	1365
