NR_102443.1	100.000	0.0	2723
NR_102443.1	99.595	0.0	2695
AB058249.1	99.281	0.0	2263
AB058249.1	98.808	0.0	2235
AB058249.1	98.185	0.0	2198
NR_102443.1	97.842	0.0	2532
AB039001.1	94.671	0.0	2226
AB039001.1	94.349	0.0	2204
AF448077.1	92.999	0.0	2058
AB039001.1	92.847	0.0	2087
AF132782.1	92.711	0.0	2034
AF448077.1	92.676	0.0	2036
AF132782.1	92.319	0.0	2006
AF448077.1	91.313	0.0	1932
AF132782.1	91.301	0.0	1934
AM258981.1	91.072	0.0	2307
AM258981.1	90.820	0.0	2287
AF448075.1	90.711	0.0	1873
AF448075.1	90.329	0.0	1845
AF448075.1	90.292	0.0	1766
AJ000716.1	90.287	0.0	1892
AB015059.1	90.021	0.0	1820
AF448076.1	89.972	0.0	1792
AB041937.1	89.924	0.0	1840
AJ000716.1	89.918	0.0	1864
AB015059.1	89.723	0.0	1722
AB015059.1	89.643	0.0	1792
AF448076.1	89.632	0.0	1698
AF448076.1	89.589	0.0	1764
AB041937.1	89.553	0.0	1812
AY224195.1	89.504	0.0	1533
X78680.1	89.230	0.0	1820
AY224195.1	89.069	0.0	1506
AF132932.1	89.022	0.0	1740
X78680.1	88.866	0.0	1792
AF132932.1	88.648	0.0	1712
AF132932.1	88.638	0.0	1639
AJ000716.1	88.573	0.0	1748
AY224195.1	88.496	0.0	1471
AB041937.1	88.119	0.0	1700
AM258981.1	88.103	0.0	2039
AF296872.1	87.860	0.0	1681
AF296872.1	87.568	0.0	1659
X78680.1	87.347	0.0	1642
AF001477.1	86.635	0.0	1576
AY172837.1	86.607	0.0	1580
AF001477.1	86.280	0.0	1548
AY172837.1	86.252	0.0	1552
AF296872.1	86.121	0.0	1537
AF448080.1	86.055	0.0	1517
AF448080.1	85.694	0.0	1489
AF132790.1	85.472	0.0	1459
AF001477.1	85.396	0.0	1472
AF132790.1	85.183	0.0	1437
AY172837.1	85.057	0.0	1452
AF448080.1	84.727	0.0	1411
AF132790.1	84.258	0.0	1365
